1.00000e+00		
1.86025e+00		
2.64141e+00		
3.35363e+00		
4.00405e+00		
4.60087e+00		
5.14733e+00		
5.64760e+00		
6.11164e+00		
6.54043e+00		
6.94026e+00		
7.30821e+00		
7.64945e+00		
7.97017e+00		
8.26301e+00		
8.53575e+00		
8.79829e+00		
9.04831e+00		
9.26694e+00		
9.49292e+00		
9.68724e+00		
9.88396e+00		
1.00636e+01		
1.02328e+01		
1.03785e+01		
1.05388e+01		
1.06813e+01		
1.08282e+01		
1.09556e+01		
1.10697e+01		
1.11958e+01		
1.12993e+01		
1.14312e+01		
1.15048e+01		
1.16166e+01		
1.17094e+01		
1.17882e+01		
1.18836e+01		
1.19660e+01		
1.20467e+01		
1.21484e+01		
1.21794e+01		
1.22690e+01		
1.23360e+01		
1.23783e+01		
1.24660e+01		
1.25380e+01		
1.25915e+01		
1.26409e+01		
1.26974e+01		
1.27421e+01		
1.27894e+01		
1.28395e+01		
1.28873e+01		
1.29837e+01		
1.29956e+01		
1.30227e+01		
1.30779e+01		
1.31193e+01		
1.31636e+01		
1.32121e+01		
1.32486e+01		
1.32842e+01		
1.33185e+01		
1.33345e+01		
1.33822e+01		
1.34346e+01		
1.34077e+01		
1.34780e+01		
1.35446e+01		
1.35351e+01		
1.35467e+01		
1.35715e+01		
1.36624e+01		
1.36630e+01		
1.36546e+01		
1.37144e+01		
1.37625e+01		
1.37447e+01		
1.37558e+01		
1.38407e+01		
1.38776e+01		
1.38218e+01		
1.38831e+01		
1.38870e+01		
1.38963e+01		
1.38954e+01		
1.39797e+01		
1.39454e+01		
1.39668e+01		
1.40108e+01		
1.40613e+01		
1.40498e+01		
1.40668e+01		
1.41196e+01		
1.41288e+01		
1.41285e+01		
1.41562e+01		
1.41196e+01		
1.41681e+01		
1.41997e+01		
1.41831e+01		
1.42185e+01		
1.42497e+01		
1.42316e+01		
1.42158e+01		
1.42769e+01		
1.42886e+01		
1.42983e+01		
1.43091e+01		
1.43149e+01		
1.43580e+01		
1.43329e+01		
1.43548e+01		
1.44050e+01		
1.43756e+01		
1.43929e+01		
1.44418e+01		
1.44225e+01		
1.44404e+01		
1.44477e+01		
1.44467e+01		
1.44633e+01		
1.44584e+01		
1.44641e+01		
1.44505e+01		
1.45149e+01		
1.45290e+01		
1.45374e+01		
1.45396e+01		
1.45381e+01		
1.45312e+01		
1.45430e+01		
1.45583e+01		
1.45828e+01		
1.45626e+01		
1.45628e+01		
1.45820e+01		
1.46342e+01		
1.46398e+01		
1.46449e+01		
1.46035e+01		
1.45857e+01		
1.46513e+01		
1.46293e+01		
1.46399e+01		
1.46391e+01		
1.46700e+01		
1.46236e+01		
1.46663e+01		
1.47057e+01		
1.47084e+01		
1.47345e+01		
1.47102e+01		
1.46897e+01		
1.46439e+01		
1.47198e+01		
1.47392e+01		
1.47439e+01		
1.47214e+01		
1.47149e+01		
1.48029e+01		
1.47550e+01		
1.48049e+01		
1.47818e+01		
1.48068e+01		
1.48114e+01		
1.48120e+01		
1.47208e+01		
1.47994e+01		
1.47532e+01		
1.48089e+01		
1.48347e+01		
1.48486e+01		
1.48077e+01		
1.48796e+01		
1.48917e+01		
1.48064e+01		
1.47470e+01		
1.48627e+01		
1.48724e+01		
1.48957e+01		
1.48731e+01		
1.48580e+01		
1.48824e+01		
1.48768e+01		
1.48928e+01		
1.48333e+01		
1.48971e+01		
1.49679e+01		
1.49195e+01		
1.49354e+01		
1.49637e+01		
1.48833e+01		
1.48731e+01		
1.48909e+01		
1.49603e+01		
1.49301e+01		
1.49425e+01		
1.50026e+01		
1.49260e+01		
1.49874e+01		
1.49320e+01		
1.49313e+01		
1.49727e+01		
1.49734e+01		
1.50377e+01		
1.50361e+01		
1.49854e+01		
1.49295e+01		
1.50177e+01		
1.49513e+01		
1.50271e+01		
1.49827e+01		
1.50254e+01		
1.50015e+01		
1.50559e+01		
1.50167e+01		
1.49791e+01		
1.49628e+01		
1.49767e+01		
1.50697e+01		
1.50681e+01		
1.50152e+01		
1.50224e+01		
1.50858e+01		
1.50963e+01		
1.50700e+01		
1.50281e+01		
1.51640e+01		
1.51073e+01		
1.49824e+01		
1.51050e+01		
1.50387e+01		
1.50321e+01		
1.51206e+01		
1.50439e+01		
1.50616e+01		
1.50325e+01		
1.50491e+01		
1.51374e+01		
1.51090e+01		
1.50871e+01		
1.50625e+01		
1.50499e+01		
1.51399e+01		
1.50208e+01		
1.50728e+01		
1.51177e+01		
1.51120e+01		
1.51145e+01		
1.50719e+01		
1.50706e+01		
1.51992e+01		
1.50830e+01		
1.51883e+01		
1.50269e+01		
1.51948e+01		
1.51780e+01		
1.51930e+01		
1.51486e+01		
1.51751e+01		
1.51192e+01		
1.52015e+01		
1.51860e+01		
1.50809e+01		
1.52062e+01		
1.51519e+01		
1.51684e+01		
1.51282e+01		
1.51667e+01		
1.50665e+01		
1.52483e+01		
1.51342e+01		
1.51645e+01		
1.52079e+01		
1.52560e+01		
1.52220e+01		
1.51832e+01		
1.51692e+01		
1.52097e+01		
1.52237e+01		
1.52108e+01		
1.52349e+01		
1.52634e+01		
1.52059e+01		
1.52535e+01		
1.52333e+01		
1.51582e+01		
1.51992e+01		
1.52154e+01		
1.52213e+01		
1.52576e+01		
1.51726e+01		
1.52107e+01		
1.51566e+01		
1.51878e+01		
1.52007e+01		
1.52441e+01		
1.52805e+01		
1.52205e+01		
1.52484e+01		
1.53385e+01		
1.52414e+01		
1.53266e+01		
1.52586e+01		
1.53084e+01		
1.53013e+01		
1.51615e+01		
1.52230e+01		
1.53089e+01		
1.52867e+01		
1.52193e+01		
1.52766e+01		
1.51816e+01		
1.52365e+01		
1.53032e+01		
1.53140e+01		
1.53400e+01		
1.53735e+01		
1.53244e+01		
1.52501e+01		
1.51855e+01		
1.53211e+01		
1.52675e+01		
1.52012e+01		
1.52331e+01		
1.53052e+01		
1.52018e+01		
1.52876e+01		
1.52550e+01		
1.53670e+01		
1.53511e+01		
1.52946e+01		
1.52943e+01		
1.53730e+01		
1.53297e+01		
1.53349e+01		
1.53544e+01		
1.52765e+01		
1.53354e+01		
1.52952e+01		
1.52989e+01		
1.52717e+01		
1.54255e+01		
1.54231e+01		
1.52147e+01		
1.53454e+01		
1.52917e+01		
1.53269e+01		
1.53552e+01		
1.53091e+01		
1.53505e+01		
1.53591e+01		
1.52926e+01		
1.53370e+01		
1.53544e+01		
1.52842e+01		
1.53982e+01		
1.53491e+01		
1.52641e+01		
1.53597e+01		
1.54291e+01		
1.54431e+01		
1.53395e+01		
1.53787e+01		
1.52589e+01		
1.53250e+01		
1.53557e+01		
1.53165e+01		
1.53397e+01		
1.53457e+01		
1.53769e+01		
1.53529e+01		
1.53571e+01		
1.52764e+01		
1.54011e+01		
1.52985e+01		
1.54200e+01		
1.53142e+01		
1.54019e+01		
1.53564e+01		
1.53153e+01		
1.54012e+01		
1.53932e+01		
1.55685e+01		
1.53997e+01		
1.53700e+01		
1.53087e+01		
1.52904e+01		
1.53042e+01		
1.53977e+01		
1.53233e+01		
1.54261e+01		
1.53145e+01		
1.53966e+01		
1.54017e+01		
1.53809e+01		
1.53129e+01		
1.54925e+01		
1.53888e+01		
1.54372e+01		
1.54575e+01		
1.54664e+01		
1.54192e+01		
1.53784e+01		
1.52972e+01		
1.53612e+01		
1.55050e+01		
1.53213e+01		
1.54397e+01		
1.53519e+01		
1.53546e+01		
1.54434e+01		
1.54726e+01		
1.54232e+01		
1.54518e+01		
1.54375e+01		
1.54730e+01		
1.53756e+01		
1.53933e+01		
1.53705e+01		
1.55264e+01		
1.52924e+01		
1.53776e+01		
1.54767e+01		
1.53688e+01		
1.54238e+01		
1.54763e+01		
1.53526e+01		
1.54598e+01		
1.54940e+01		
1.54078e+01		
1.53934e+01		
1.53611e+01		
1.55046e+01		
1.55137e+01		
1.53810e+01		
1.53214e+01		
1.54237e+01		
1.53792e+01		
1.54727e+01		
1.55879e+01		
1.54809e+01		
1.54644e+01		
1.54503e+01		
1.54549e+01		
1.54699e+01		
1.54338e+01		
1.53659e+01		
1.53925e+01		
1.54600e+01		
1.54984e+01		
1.54303e+01		
1.53495e+01		
1.54860e+01		
1.53824e+01		
1.55185e+01		
1.54596e+01		
1.55386e+01		
1.53352e+01		
1.54751e+01		
1.53979e+01		
1.54494e+01		
1.54976e+01		
1.55118e+01		
1.54266e+01		
1.54798e+01		
1.53944e+01		
1.55532e+01		
1.54875e+01		
1.55154e+01		
1.55070e+01		
1.54761e+01		
1.54659e+01		
1.53961e+01		
1.55248e+01		
1.53832e+01		
1.54534e+01		
1.53582e+01		
1.54198e+01		
1.55222e+01		
1.55313e+01		
1.54575e+01		
1.55338e+01		
1.56562e+01		
1.54706e+01		
1.54751e+01		
1.56548e+01		
1.54759e+01		
1.52999e+01		
1.54591e+01		
1.55764e+01		
1.54829e+01		
1.55107e+01		
1.55806e+01		
1.54934e+01		
1.54768e+01		
1.55284e+01		
1.54586e+01		
1.55255e+01		
1.55686e+01		
1.55568e+01		
1.54476e+01		
1.55182e+01		
1.54932e+01		
1.55029e+01		
1.54703e+01		
1.54394e+01		
1.55352e+01		
1.55955e+01		
1.55547e+01		
1.53430e+01		
1.54379e+01		
1.56555e+01		
1.55013e+01		
1.55741e+01		
1.54490e+01		
1.53807e+01		
1.55693e+01		
1.55001e+01		
1.55720e+01		
1.54786e+01		
1.55146e+01		
1.55003e+01		
1.54836e+01		
1.54506e+01		
1.55793e+01		
1.55498e+01		
1.55241e+01		
1.55107e+01		
1.53897e+01		
1.55476e+01		
1.55292e+01		
1.54535e+01		
1.56329e+01		
1.55819e+01		
1.55575e+01		
1.54796e+01		
1.54447e+01		
1.54705e+01		
1.54112e+01		
1.56134e+01		
1.55940e+01		
1.55298e+01		
1.56072e+01		
1.55654e+01		
1.54996e+01		
1.53921e+01		
1.54835e+01		
1.55602e+01		
1.54953e+01		
1.55867e+01		
1.57424e+01		
1.55862e+01		
1.56133e+01		
1.56635e+01		
1.55385e+01		
1.55904e+01		
1.55092e+01		
1.55823e+01		
1.56745e+01		
1.55366e+01		
1.55549e+01		
1.56467e+01		
1.54347e+01		
1.56170e+01		
1.54787e+01		
1.56296e+01		
1.54786e+01		
1.54926e+01		
1.56270e+01		
1.55580e+01		
1.56617e+01		
1.54757e+01		
1.56223e+01		
1.55680e+01		
1.56282e+01		
1.55788e+01		
1.55482e+01		
1.55432e+01		
1.55352e+01		
1.55413e+01		
1.55141e+01		
1.55677e+01		
1.55162e+01		
1.54424e+01		
1.54498e+01		
1.55268e+01		
1.55324e+01		
1.55090e+01		
1.55853e+01		
1.55887e+01		
1.55523e+01		
1.55742e+01		
1.55722e+01		
1.56523e+01		
1.55247e+01		
1.56023e+01		
1.57998e+01		
1.55424e+01		
1.54646e+01		
1.56514e+01		
1.54980e+01		
1.55486e+01		
1.55463e+01		
1.54076e+01		
1.55503e+01		
1.56212e+01		
1.55586e+01		
1.55742e+01		
1.55457e+01		
1.55580e+01		
1.56317e+01		
1.55878e+01		
1.56152e+01		
1.54752e+01		
1.55399e+01		
1.55815e+01		
1.54909e+01		
1.56112e+01		
1.55745e+01		
1.55143e+01		
1.55593e+01		
1.56360e+01		
1.56217e+01		
1.54949e+01		
1.55874e+01		
1.56171e+01		
1.56075e+01		
1.55005e+01		
1.55859e+01		
1.54909e+01		
1.56854e+01		
1.56884e+01		
1.56892e+01		
1.57002e+01		
1.56146e+01		
1.55368e+01		
1.55629e+01		
1.56223e+01		
1.56893e+01		
1.54682e+01		
1.55923e+01		
1.55993e+01		
1.55522e+01		
1.55443e+01		
1.56266e+01		
1.54525e+01		
1.55732e+01		
1.55409e+01		
1.56319e+01		
1.55602e+01		
1.53646e+01		
1.54447e+01		
1.57313e+01		
1.56068e+01		
1.55981e+01		
1.55850e+01		
1.55235e+01		
1.56173e+01		
1.57121e+01		
1.55623e+01		
1.55875e+01		
1.55765e+01		
1.55583e+01		
1.56336e+01		
1.57078e+01		
1.55668e+01		
1.55332e+01		
1.57307e+01		
1.56184e+01		
1.55464e+01		
1.56378e+01		
1.55150e+01		
1.56311e+01		
1.55009e+01		
1.55390e+01		
1.55224e+01		
1.55698e+01		
1.56060e+01		
1.56132e+01		
1.56044e+01		
1.57409e+01		
1.56418e+01		
1.55075e+01		
1.57428e+01		
1.55071e+01		
1.54582e+01		
1.56265e+01		
1.56932e+01		
1.57362e+01		
1.55306e+01		
1.56932e+01		
1.56978e+01		
1.55224e+01		
1.56034e+01		
1.56719e+01		
1.56469e+01		
1.54569e+01		
1.56143e+01		
1.56209e+01		
1.56544e+01		
1.57243e+01		
1.57167e+01		
1.56258e+01		
1.55299e+01		
1.57641e+01		
1.55961e+01		
1.55821e+01		
1.55062e+01		
1.56844e+01		
1.54553e+01		
1.55691e+01		
1.55510e+01		
1.56095e+01		
1.55057e+01		
1.56902e+01		
1.56681e+01		
1.56688e+01		
1.56583e+01		
1.55069e+01		
1.55544e+01		
1.56449e+01		
1.55440e+01		
1.54898e+01		
1.56419e+01		
1.54927e+01		
1.56661e+01		
1.57387e+01		
1.55936e+01		
1.55848e+01		
1.55960e+01		
1.55221e+01		
1.55031e+01		
1.56085e+01		
1.53940e+01		
1.57174e+01		
1.56328e+01		
1.53961e+01		
1.55841e+01		
1.57302e+01		
1.55207e+01		
1.55403e+01		
1.56040e+01		
1.55530e+01		
1.56181e+01		
1.57847e+01		
1.54769e+01		
1.56922e+01		
1.54941e+01		
1.55605e+01		
1.56234e+01		
1.57031e+01		
1.56456e+01		
1.56099e+01		
1.57022e+01		
1.55042e+01		
1.54736e+01		
1.57199e+01		
1.55949e+01		
1.55831e+01		
1.55961e+01		
1.56041e+01		
1.55918e+01		
1.55820e+01		
1.56298e+01		
1.56895e+01		
1.55549e+01		
1.56582e+01		
1.54723e+01		
1.56171e+01		
1.55766e+01		
1.58712e+01		
1.56721e+01		
1.57205e+01		
1.55656e+01		
1.54499e+01		
1.56045e+01		
1.55471e+01		
1.55619e+01		
1.56999e+01		
1.55724e+01		
1.56205e+01		
1.56763e+01		
1.56804e+01		
1.59321e+01		
1.58363e+01		
1.57989e+01		
1.56071e+01		
1.57225e+01		
1.55876e+01		
1.57097e+01		
1.57026e+01		
1.56386e+01		
1.58079e+01		
1.55916e+01		
1.54737e+01		
1.55947e+01		
1.56245e+01		
1.57074e+01		
1.58060e+01		
1.56223e+01		
1.57144e+01		
1.55804e+01		
1.56869e+01		
1.56487e+01		
1.58002e+01		
1.57400e+01		
1.55653e+01		
1.56470e+01		
1.56928e+01		
1.56689e+01		
1.54727e+01		
1.55329e+01		
1.56120e+01		
1.56053e+01		
1.56694e+01		
1.57160e+01		
1.56063e+01		
1.55609e+01		
1.56847e+01		
1.56388e+01		
1.56984e+01		
1.55352e+01		
1.55989e+01		
1.56534e+01		
1.56658e+01		
1.56208e+01		
1.57057e+01		
1.55317e+01		
1.56901e+01		
1.54061e+01		
1.55269e+01		
1.57203e+01		
1.55915e+01		
1.55133e+01		
1.58407e+01		
1.55424e+01		
1.58135e+01		
1.56596e+01		
1.56758e+01		
1.56374e+01		
1.56522e+01		
1.57456e+01		
1.57488e+01		
1.56096e+01		
1.56609e+01		
1.56254e+01		
1.57094e+01		
1.58742e+01		
1.57948e+01		
1.57024e+01		
1.55716e+01		
1.55301e+01		
1.57907e+01		
1.56387e+01		
1.58671e+01		
1.54414e+01		
1.56799e+01		
1.55772e+01		
1.56170e+01		
1.56951e+01		
1.55748e+01		
1.57022e+01		
1.56399e+01		
1.57109e+01		
1.55587e+01		
1.55976e+01		
1.58564e+01		
1.55614e+01		
1.57951e+01		
1.58784e+01		
1.57937e+01		
1.56632e+01		
1.57558e+01		
1.55594e+01		
1.54347e+01		
1.56964e+01		
1.57214e+01		
1.58051e+01		
1.54663e+01		
1.56524e+01		
1.57664e+01		
1.56089e+01		
1.56628e+01		
1.57713e+01		
1.56093e+01		
1.56049e+01		
1.57138e+01		
1.57457e+01		
1.57127e+01		
1.56174e+01		
1.59096e+01		
1.57270e+01		
1.56442e+01		
1.57122e+01		
1.57015e+01		
1.55793e+01		
1.57060e+01		
1.57640e+01		
1.55773e+01		
1.57651e+01		
1.56068e+01		
1.56235e+01		
1.57495e+01		
1.56597e+01		
1.56058e+01		
1.56748e+01		
1.55767e+01		
1.56457e+01		
1.55361e+01		
1.57176e+01		
1.57721e+01		
1.57063e+01		
1.55680e+01		
1.57124e+01		
1.56929e+01		
1.57170e+01		
1.56704e+01		
1.57040e+01		
1.57078e+01		
1.59133e+01		
1.56285e+01		
1.55996e+01		
1.58132e+01		
1.57894e+01		
1.56364e+01		
1.58016e+01		
1.56399e+01		
1.56982e+01		
1.56015e+01		
1.56529e+01		
1.55855e+01		
1.58042e+01		
1.56841e+01		
1.56209e+01		
1.58379e+01		
1.55131e+01		
1.56767e+01		
1.56502e+01		
1.57422e+01		
1.56020e+01		
1.57790e+01		
1.58919e+01		
1.57514e+01		
1.56868e+01		
1.57054e+01		
1.55163e+01		
1.56467e+01		
1.57554e+01		
1.55460e+01		
1.56724e+01		
1.57727e+01		
1.56456e+01		
1.56881e+01		
1.57777e+01		
1.56719e+01		
1.56265e+01		
1.58397e+01		
1.55196e+01		
1.56579e+01		
1.55609e+01		
1.56326e+01		
1.56232e+01		
1.57076e+01		
1.55850e+01		
1.56124e+01		
1.57237e+01		
1.56777e+01		
1.56965e+01		
1.57205e+01		
1.57161e+01		
1.56596e+01		
1.57723e+01		
1.59081e+01		
1.57910e+01		
1.57756e+01		
1.55694e+01		
1.55802e+01		
1.58776e+01		
1.55629e+01		
1.57924e+01		
1.57498e+01		
1.57754e+01		
1.57550e+01		
1.58519e+01		
1.57974e+01		
1.57361e+01		
1.56422e+01		
1.57812e+01		
1.56627e+01		
1.57462e+01		
1.58122e+01		
1.59308e+01		
1.57348e+01		
1.58247e+01		
1.59445e+01		
1.54736e+01		
1.55404e+01		
1.57374e+01		
1.58508e+01		
1.57717e+01		
1.57426e+01		
1.57865e+01		
1.57268e+01		
1.58457e+01		
1.57738e+01		
1.56604e+01		
1.56816e+01		
1.55998e+01		
1.57117e+01		
1.59026e+01		
1.59450e+01		
1.57377e+01		
1.57171e+01		
1.56983e+01		
1.57052e+01		
1.59250e+01		
1.57008e+01		
1.58712e+01		
1.57636e+01		
1.58044e+01		
1.57231e+01		
1.56266e+01		
1.56503e+01		
1.56921e+01		
1.56388e+01		
1.56396e+01		
1.58730e+01		
1.56571e+01		
1.57448e+01		
1.57662e+01		
1.57547e+01		
1.58483e+01		
1.56611e+01		
1.56562e+01		
1.56771e+01		
1.58614e+01		
1.57374e+01		
1.56185e+01		
1.57656e+01		
1.56657e+01		
1.58356e+01		
1.58514e+01		
1.56349e+01		
1.57379e+01		
1.56813e+01		
1.59226e+01		
1.56661e+01		
1.57784e+01		
1.57801e+01		
1.58512e+01		
1.58647e+01		
1.57816e+01		
1.57937e+01		
1.57951e+01		
1.55895e+01		
1.56217e+01		
1.59624e+01		
1.57086e+01		
1.58618e+01		
1.58638e+01		
1.56847e+01		
1.57317e+01		
1.57998e+01		
1.57389e+01		
1.57127e+01		
1.57689e+01		
1.56902e+01		
1.57905e+01		
1.58650e+01		
1.56792e+01		
1.56918e+01		
1.57229e+01		
1.58578e+01		
1.57626e+01		
1.55922e+01		
1.57588e+01		
1.58106e+01		
1.57217e+01		
1.55355e+01		
1.55971e+01		
1.56372e+01		
1.57989e+01		
1.58019e+01		
1.57401e+01		
1.58122e+01		
1.56762e+01		
1.55645e+01		
1.56200e+01		
1.56831e+01		
1.55854e+01		
1.59256e+01		
1.58528e+01		
1.57215e+01		
1.56008e+01		
1.57731e+01		
1.57174e+01		
1.56397e+01		
1.57693e+01		
1.56570e+01		
1.56944e+01		
1.58102e+01		
1.58444e+01		
1.58014e+01		
1.56282e+01		
1.59103e+01		
1.54883e+01		
1.55537e+01		
1.56960e+01		
1.58561e+01		
1.55412e+01		
1.58141e+01		
1.57353e+01		
1.56383e+01		
1.59144e+01		
1.57576e+01		
1.56969e+01		
1.56807e+01		
1.55767e+01		
1.58981e+01		
1.57025e+01		
1.56913e+01		
1.56927e+01		
1.56770e+01		
1.57251e+01		
1.56704e+01		
1.57202e+01		
1.57326e+01		
1.59983e+01		
1.57977e+01		
1.58411e+01		
1.57528e+01		
1.56179e+01		
1.57983e+01		
1.58273e+01		
1.58154e+01		
1.56905e+01		
1.57676e+01		
1.58806e+01		
1.57459e+01		
1.57564e+01		
1.58583e+01		
1.57997e+01		
1.58504e+01		
1.58327e+01		
1.58382e+01		
1.57957e+01		
1.55107e+01		
1.56801e+01		
1.58186e+01		
1.56067e+01		
1.57810e+01		
1.56785e+01		
1.57354e+01		
1.57042e+01		
1.60147e+01		
1.58793e+01		
1.56300e+01		
1.58078e+01		
1.55586e+01		
1.59105e+01		
1.56538e+01		
1.57579e+01		
1.56022e+01		
1.57045e+01		
1.58070e+01		
1.58805e+01		
1.56088e+01		
1.56362e+01		
1.57053e+01		
1.58405e+01		
1.55937e+01		
1.59223e+01		
1.56775e+01		
1.58527e+01		
1.57403e+01		
1.58243e+01		
1.57506e+01		
1.58071e+01		
1.57558e+01		
1.58349e+01		
1.58997e+01		
1.55094e+01		
1.55557e+01		
1.58909e+01		
1.56982e+01		
1.57140e+01		
1.58015e+01		
1.58260e+01		
1.58560e+01		
1.57493e+01		
1.57210e+01		
1.58514e+01		
1.57276e+01		
1.56432e+01		
1.57277e+01		
1.56817e+01		
1.57473e+01		
1.57618e+01		
1.55799e+01		
1.56868e+01		
1.56806e+01		
1.59594e+01		
1.58221e+01		
1.55745e+01		
1.55478e+01		
1.59852e+01		
1.58453e+01		
1.58006e+01		
1.55906e+01		
1.58363e+01		
1.56690e+01		
1.56773e+01		
1.57284e+01		
1.55888e+01		
1.58331e+01		
1.57631e+01		
1.55332e+01		
1.54841e+01		
1.58514e+01		
1.56849e+01		
1.57978e+01		
1.57397e+01		
1.57234e+01		
1.58013e+01		
1.56153e+01		
1.57986e+01		
1.58947e+01		
1.58627e+01		
1.58656e+01		
1.58114e+01		
1.57363e+01		
1.58211e+01		
1.58910e+01		
1.57972e+01		
1.58171e+01		
1.56909e+01		
1.57852e+01		
1.56816e+01		
1.57832e+01		
1.58405e+01		
1.57548e+01		
1.58001e+01		
1.57888e+01		
1.56463e+01		
1.58216e+01		
1.58126e+01		
1.57496e+01		
1.58261e+01		
1.58048e+01		
1.56635e+01		
1.55626e+01		
1.58362e+01		
1.57912e+01		
1.58045e+01		
1.58779e+01		
1.58298e+01		
1.59430e+01		
1.56293e+01		
1.54762e+01		
1.58643e+01		
1.58324e+01		
1.57478e+01		
1.57055e+01		
1.59560e+01		
1.57843e+01		
1.58607e+01		
1.60109e+01		
1.56851e+01		
1.58915e+01		
1.55981e+01		
1.57499e+01		
1.58090e+01		
1.58708e+01		
1.58766e+01		
1.57632e+01		
1.57420e+01		
1.59179e+01		
1.58247e+01		
1.60103e+01		
1.58170e+01		
1.58858e+01		
1.56685e+01		
1.57863e+01		
1.57771e+01		
1.57417e+01		
1.58611e+01		
1.56813e+01		
1.56925e+01		
1.58188e+01		
1.56872e+01		
1.56884e+01		
1.57905e+01		
1.59686e+01		
1.58685e+01		
1.54802e+01		
1.58957e+01		
1.57809e+01		
1.59476e+01		
1.57734e+01		
1.58396e+01		
1.59211e+01		
1.54694e+01		
1.58337e+01		
1.55147e+01		
1.57019e+01		
1.59730e+01		
1.58671e+01		
1.57921e+01		
1.58120e+01		
1.58395e+01		
1.55537e+01		
1.56689e+01		
1.58711e+01		
1.56706e+01		
1.59344e+01		
1.58400e+01		
1.57703e+01		
1.58291e+01		
1.56457e+01		
1.58379e+01		
1.59911e+01		
1.59560e+01		
1.57292e+01		
1.57793e+01		
1.57215e+01		
1.57932e+01		
1.57417e+01		
1.56911e+01		
1.56559e+01		
1.58687e+01		
1.56835e+01		
1.58521e+01		
1.57010e+01		
1.57668e+01		
1.57032e+01		
1.57167e+01		
1.58719e+01		
1.57147e+01		
1.57805e+01		
1.55723e+01		
1.57322e+01		
1.59268e+01		
1.58076e+01		
1.58344e+01		
1.58256e+01		
1.57012e+01		
1.57842e+01		
1.59475e+01		
1.58893e+01		
1.59320e+01		
1.56436e+01		
1.57241e+01		
1.58195e+01		
1.58165e+01		
1.58605e+01		
1.58174e+01		
1.57344e+01		
1.58681e+01		
1.55870e+01		
1.57913e+01		
1.59929e+01		
1.56845e+01		
1.57727e+01		
1.56866e+01		
1.58677e+01		
1.57030e+01		
1.58422e+01		
1.57824e+01		
1.56240e+01		
1.55576e+01		
1.59304e+01		
1.60313e+01		
1.57618e+01		
1.56678e+01		
1.57260e+01		
1.59682e+01		
1.59545e+01		
1.59007e+01		
1.57761e+01		
1.59926e+01		
1.59516e+01		
1.59870e+01		
1.56133e+01		
1.58663e+01		
1.58277e+01		
1.56509e+01		
1.59314e+01		
1.56792e+01		
1.57732e+01		
1.58307e+01		
1.56584e+01		
1.58464e+01		
1.57736e+01		
1.57443e+01		
1.57213e+01		
1.56856e+01		
1.57749e+01		
1.58191e+01		
1.59345e+01		
1.58990e+01		
1.57854e+01		
1.57498e+01		
1.57805e+01		
1.57445e+01		
1.60110e+01		
1.57989e+01		
1.58692e+01		
1.57764e+01		
1.58360e+01		
1.58305e+01		
1.56480e+01		
1.59534e+01		
1.59817e+01		
1.56691e+01		
1.57225e+01		
1.60186e+01		
1.57194e+01		
1.60224e+01		
1.56733e+01		
1.56336e+01		
1.58505e+01		
1.56820e+01		
1.56420e+01		
1.57314e+01		
1.56828e+01		
1.58529e+01		
1.58570e+01		
1.57637e+01		
1.58874e+01		
1.56497e+01		
1.56760e+01		
1.58178e+01		
1.60125e+01		
1.56979e+01		
1.58368e+01		
1.59762e+01		
1.60206e+01		
1.57252e+01		
1.60647e+01		
1.57935e+01		
1.58663e+01		
1.57102e+01		
1.58928e+01		
1.58104e+01		
1.58312e+01		
1.57668e+01		
1.55575e+01		
1.56655e+01		
1.55845e+01		
1.58093e+01		
1.58364e+01		
1.58363e+01		
1.57384e+01		
1.59372e+01		
1.58196e+01		
1.58162e+01		
1.59453e+01		
1.56822e+01		
1.59697e+01		
1.58297e+01		
1.58966e+01		
1.58910e+01		
1.58726e+01		
1.60125e+01		
1.57388e+01		
1.55234e+01		
1.56875e+01		
1.59892e+01		
1.59166e+01		
1.58348e+01		
1.57003e+01		
1.60233e+01		
1.58579e+01		
1.56737e+01		
1.56925e+01		
1.57601e+01		
1.56546e+01		
1.58556e+01		
1.58572e+01		
1.56690e+01		
1.58692e+01		
1.57086e+01		
1.58918e+01		
1.58478e+01		
1.58955e+01		
1.58049e+01		
1.58003e+01		
1.58256e+01		
1.59041e+01		
1.58066e+01		
1.58273e+01		
1.57501e+01		
1.58930e+01		
1.57074e+01		
1.58572e+01		
1.58428e+01		
1.60807e+01		
1.56634e+01		
1.57533e+01		
1.58988e+01		
1.56509e+01		
1.54831e+01		
1.57391e+01		
1.58788e+01		
1.57441e+01		
1.57346e+01		
1.58302e+01		
1.59238e+01		
1.58071e+01		
1.58732e+01		
1.58212e+01		
1.57134e+01		
1.57371e+01		
1.60013e+01		
1.54442e+01		
1.59530e+01		
1.55343e+01		
1.58605e+01		
1.57460e+01		
1.57634e+01		
1.58049e+01		
1.58328e+01		
1.60070e+01		
1.55095e+01		
1.56992e+01		
1.61183e+01		
1.58683e+01		
1.56990e+01		
1.57545e+01		
1.58274e+01		
1.56745e+01		
1.60141e+01		
1.59806e+01		
1.57446e+01		
1.57307e+01		
1.57636e+01		
1.58755e+01		
1.57815e+01		
1.55094e+01		
1.58633e+01		
1.59513e+01		
1.58697e+01		
1.55125e+01		
1.56283e+01		
1.61482e+01		
1.55918e+01		
1.57966e+01		
1.58784e+01		
1.58724e+01		
1.58292e+01		
1.57057e+01		
1.57614e+01		
1.56250e+01		
1.57846e+01		
1.56088e+01		
1.57941e+01		
1.56607e+01		
1.58071e+01		
1.59662e+01		
1.56804e+01		
1.58957e+01		
1.57914e+01		
1.57770e+01		
1.57228e+01		
1.56578e+01		
1.59697e+01		
1.58834e+01		
1.56406e+01		
1.56638e+01		
1.57574e+01		
1.59924e+01		
1.55900e+01		
1.58666e+01		
1.58194e+01		
1.56391e+01		
1.59047e+01		
1.59502e+01		
1.56461e+01		
1.59150e+01		
1.57770e+01		
1.58357e+01		
1.57155e+01		
1.59089e+01		
1.59609e+01		
1.60187e+01		
1.57584e+01		
1.59212e+01		
1.62710e+01		
1.58383e+01		
1.56377e+01		
1.58888e+01		
1.59159e+01		
1.56587e+01		
1.59189e+01		
1.57987e+01		
1.57714e+01		
1.57411e+01		
1.56934e+01		
1.59052e+01		
1.58149e+01		
1.60044e+01		
1.58218e+01		
1.56163e+01		
1.57616e+01		
1.59032e+01		
1.58393e+01		
1.58567e+01		
1.57743e+01		
1.58445e+01		
1.60744e+01		
1.58881e+01		
1.57818e+01		
1.58400e+01		
1.55913e+01		
1.58260e+01		
1.57870e+01		
1.57398e+01		
1.58056e+01		
1.59707e+01		
1.58129e+01		
1.59117e+01		
1.56951e+01		
1.56408e+01		
1.56641e+01		
1.57659e+01		
1.57737e+01		
1.58846e+01		
1.58799e+01		
1.58202e+01		
1.56335e+01		
1.58905e+01		
1.57570e+01		
1.57726e+01		
1.58260e+01		
1.57671e+01		
1.58823e+01		
1.57173e+01		
1.59418e+01		
1.58278e+01		
1.54838e+01		
1.59442e+01		
1.58704e+01		
1.60451e+01		
1.59204e+01		
1.57443e+01		
1.59340e+01		
1.55274e+01		
1.59005e+01		
1.57503e+01		
1.58448e+01		
1.56539e+01		
1.58065e+01		
1.57324e+01		
1.59097e+01		
1.58286e+01		
1.56881e+01		
1.59018e+01		
1.59532e+01		
1.58584e+01		
1.57534e+01		
1.60533e+01		
1.59045e+01		
1.56523e+01		
1.57150e+01		
1.57375e+01		
1.56688e+01		
1.59541e+01		
1.56642e+01		
1.57043e+01		
1.56680e+01		
1.58683e+01		
1.58241e+01		
1.56319e+01		
1.59554e+01		
1.56671e+01		
1.59397e+01		
1.60164e+01		
1.57762e+01		
1.58367e+01		
1.57391e+01		
1.58287e+01		
1.58175e+01		
1.56577e+01		
1.55774e+01		
1.56638e+01		
1.57786e+01		
1.58671e+01		
1.55850e+01		
1.58887e+01		
1.58421e+01		
1.58858e+01		
1.56962e+01		
1.58489e+01		
1.55606e+01		
1.59009e+01		
1.59124e+01		
1.57918e+01		
1.56636e+01		
1.58089e+01		
1.58465e+01		
1.57430e+01		
1.56241e+01		
1.57426e+01		
1.57838e+01		
1.57336e+01		
1.58123e+01		
1.58880e+01		
1.59169e+01		
1.59050e+01		
1.57688e+01		
1.57510e+01		
1.57031e+01		
1.58563e+01		
1.59308e+01		
1.58060e+01		
1.58344e+01		
1.56328e+01		
1.59285e+01		
1.56048e+01		
1.57721e+01		
1.58296e+01		
1.59192e+01		
1.57843e+01		
1.56359e+01		
1.58027e+01		
1.57395e+01		
1.57336e+01		
1.57501e+01		
1.56069e+01		
1.58245e+01		
1.58233e+01		
1.57580e+01		
1.58422e+01		
1.56792e+01		
1.57894e+01		
1.58443e+01		
1.61350e+01		
1.57005e+01		
1.55949e+01		
1.57112e+01		
1.58056e+01		
1.56261e+01		
1.58536e+01		
1.61526e+01		
1.59346e+01		
1.57832e+01		
1.57284e+01		
1.58107e+01		
1.58651e+01		
1.59026e+01		
1.57328e+01		
1.59534e+01		
1.56161e+01		
1.58184e+01		
1.56554e+01		
1.56876e+01		
1.59878e+01		
1.59207e+01		
1.57465e+01		
1.59669e+01		
1.59440e+01		
1.58960e+01		
1.54473e+01		
1.58862e+01		
1.57953e+01		
1.58149e+01		
1.57781e+01		
1.54257e+01		
1.59451e+01		
1.54764e+01		
1.57185e+01		
1.56493e+01		
1.59013e+01		
1.56156e+01		
1.59017e+01		
1.56904e+01		
1.58666e+01		
1.58216e+01		
1.58850e+01		
1.57500e+01		
1.57354e+01		
1.57946e+01		
1.60110e+01		
1.60256e+01		
1.60151e+01		
1.56418e+01		
1.56803e+01		
1.59193e+01		
1.57995e+01		
1.58418e+01		
1.59099e+01		
1.57954e+01		
1.59034e+01		
1.57739e+01		
1.57188e+01		
1.57112e+01		
1.59873e+01		
1.57669e+01		
1.58529e+01		
1.56448e+01		
1.58649e+01		
1.55974e+01		
1.59953e+01		
1.56062e+01		
1.55899e+01		
1.59592e+01		
1.56450e+01		
1.55387e+01		
1.57817e+01		
1.58325e+01		
1.60354e+01		
1.55845e+01		
1.55539e+01		
1.57546e+01		
1.57272e+01		
1.57143e+01		
1.59721e+01		
1.59352e+01		
1.58947e+01		
1.58691e+01		
1.56135e+01		
1.59738e+01		
1.57077e+01		
1.58509e+01		
1.57456e+01		
1.53777e+01		
1.58227e+01		
1.60249e+01		
1.58834e+01		
1.57432e+01		
1.58686e+01		
1.61395e+01		
1.57741e+01		
1.58562e+01		
1.56699e+01		
1.57752e+01		
1.57511e+01		
1.57279e+01		
1.57825e+01		
1.60356e+01		
1.59422e+01		
1.58890e+01		
1.58411e+01		
1.61434e+01		
1.58455e+01		
1.56797e+01		
1.56284e+01		
1.58702e+01		
1.58759e+01		
1.57214e+01		
1.59269e+01		
1.58501e+01		
1.58844e+01		
1.57445e+01		
1.56869e+01		
1.56600e+01		
1.57949e+01		
1.58387e+01		
1.56188e+01		
1.56228e+01		
1.59631e+01		
1.58201e+01		
1.58980e+01		
1.56196e+01		
1.60938e+01		
1.58102e+01		
1.58391e+01		
1.57454e+01		
1.59346e+01		
1.60411e+01		
1.57122e+01		
1.59414e+01		
1.57908e+01		
1.55904e+01		
1.58202e+01		
1.58784e+01		
1.59727e+01		
1.58781e+01		
1.56481e+01		
1.55722e+01		
1.59217e+01		
1.59760e+01		
1.57907e+01		
1.57918e+01		
1.59018e+01		
1.56070e+01		
1.58698e+01		
1.60281e+01		
1.57640e+01		
1.61183e+01		
1.59208e+01		
1.58888e+01		
1.57564e+01		
1.58390e+01		
1.57299e+01		
1.57798e+01		
1.55922e+01		
1.58573e+01		
1.58962e+01		
1.58368e+01		
1.56080e+01		
1.56934e+01		
1.58223e+01		
1.57641e+01		
1.58067e+01		
1.57138e+01		
1.56365e+01		
1.59775e+01		
1.58623e+01		
1.58196e+01		
1.59729e+01		
1.58300e+01		
1.58536e+01		
1.60656e+01		
1.58183e+01		
1.58834e+01		
1.57476e+01		
1.59997e+01		
1.58797e+01		
1.57003e+01		
1.56285e+01		
1.56473e+01		
1.57529e+01		
1.58758e+01		
1.58013e+01		
1.55090e+01		
1.60224e+01		
1.57811e+01		
1.59961e+01		
1.56141e+01		
1.58133e+01		
1.60555e+01		
1.57206e+01		
1.58080e+01		
1.57138e+01		
1.56465e+01		
1.57298e+01		
1.57493e+01		
1.57943e+01		
1.59271e+01		
1.57936e+01		
1.58517e+01		
1.57550e+01		
1.54831e+01		
1.58338e+01		
1.57827e+01		
1.59650e+01		
1.56364e+01		
1.56511e+01		
1.56299e+01		
1.59128e+01		
1.56418e+01		
1.57955e+01		
1.57543e+01		
1.59195e+01		
1.57268e+01		
1.57001e+01		
1.57848e+01		
1.60319e+01		
1.59434e+01		
1.58511e+01		
1.54866e+01		
1.59440e+01		
1.58088e+01		
1.58787e+01		
1.59695e+01		
1.55704e+01		
1.59173e+01		
1.56852e+01		
1.59054e+01		
1.60046e+01		
1.58646e+01		
1.58129e+01		
1.56321e+01		
1.61801e+01		
1.59003e+01		
1.55118e+01		
1.56481e+01		
1.56530e+01		
1.60407e+01		
1.56401e+01		
1.59736e+01		
1.60122e+01		
1.55973e+01		
1.60326e+01		
1.57766e+01		
1.57900e+01		
1.60709e+01		
1.57591e+01		
1.56145e+01		
1.57154e+01		
1.57352e+01		
1.60777e+01		
1.58450e+01		
1.56019e+01		
1.58055e+01		
